2018-03-01; 1; 4; 5.05
2018-03-01; 2; 2; 1
2018-03-01; 3; 2; -0.05
2018-03-01; 4; 4; 5.05
2018-03-01; 5; 2; 1
2018-03-01; 6; 2; -0.05
2018-03-01; 1; 4; 5.05
2018-03-01; 2; 2; 1
2018-03-01; 3; 2; -0.05
2018-03-01; 4; 4; 5.05
2018-03-01; 5; 2; 1
2018-03-01; 6; 2; -0.05
2018-03-01; 1; 4; 5.05
2018-03-01; 2; 2; 1
2018-03-01; 3; 2; -0.05
2018-03-01; 4; 4; 5.05
2018-03-01; 5; 2; 1
2018-03-01; 6; 2; -0.05
2018-03-01; 1; 4; 5.05
2018-03-01; 2; 2; 1
2018-03-01; 3; 2; -0.05
2018-03-01; 4; 4; 5.05
2018-03-01; 5; 2; 1
2018-03-01; 6; 2; -0.05
2018-03-01; 1; 4; 5.05
2018-03-01; 2; 2; 1
2018-03-01; 3; 2; -0.05
2018-03-01; 4; 4; 5.05
2018-03-01; 5; 2; 1
2018-03-01; 6; 2; -0.05
